20 20 5 1 1
53
j 14 18 99 0 5 5
b 19 8 10 0 5 5
t 9 12 0 0 5 5
j 15 16 99 0 5 5
g 10 12 99 0 5 5
b 3 17 10 0 5 5
t 6 6 0 0 5 5
t 0 13 0 0 5 5
g 16 13 99 0 5 5
t 16 3 0 0 5 5
m 3 14 0 0 5 5
b 3 10 10 0 5 5
m 2 18 0 0 5 5
j 4 7 99 0 5 5
t 8 7 0 0 5 5
b 2 2 10 0 5 5
b 7 4 10 0 5 5
j 12 16 99 0 5 5
m 5 10 0 0 5 5
g 6 17 99 0 5 5
b 2 19 10 0 5 5
t 1 14 0 0 5 5
j 4 13 99 0 5 5
j 4 16 99 0 5 5
g 12 10 99 0 5 5
b 7 13 10 0 5 5
m 14 0 0 0 5 5
j 9 6 99 0 5 5
m 8 19 0 0 5 5
m 5 2 0 0 5 5
b 9 15 10 0 5 5
m 15 17 0 0 5 5
t 9 14 0 0 5 5
m 19 16 0 0 5 5
t 4 12 0 0 5 5
j 5 14 99 0 5 5
Z 4 3 2 1 5 5
Z 9 17 2 1 5 5
Z 17 15 2 1 5 5
Z 7 15 2 1 5 5
C 14 10 5 4 0 5
A 17 6 4 4 5 5
O 11 9 4 4 5 5
A 19 5 4 4 5 5
A 16 1 4 4 5 5
O 10 11 4 4 5 5
O 14 14 4 4 5 5
A 14 17 4 4 5 5
O 5 17 4 4 5 5
A 17 2 4 4 5 5
O 0 8 4 4 5 5
W 17 12 9 5 5 5
W 7 7 9 5 5 5
