20 20 233 0 0
394
b 6 6 10 0 150 233
b 6 0 10 0 5 233
m 18 15 0 0 8 233
j 0 6 99 0 3 233
t 3 7 0 0 13 233
b 1 10 10 0 90 233
g 12 18 99 0 18 233
b 8 13 10 0 233 233
j 16 1 99 0 89 233
j 9 18 99 0 26 233
m 10 14 0 0 39 233
j 8 1 99 0 33 233
t 15 19 0 0 29 233
g 3 19 99 0 32 233
m 2 16 0 0 13 233
g 11 15 99 0 44 233
g 1 9 99 0 13 233
j 11 16 99 0 77 233
b 15 15 10 0 158 233
t 2 14 0 0 6 233
j 11 13 99 0 49 233
g 9 12 99 0 45 233
j 19 4 99 0 46 233
b 17 17 10 0 35 233
b 7 6 10 0 93 233
j 10 18 99 0 97 233
m 10 15 0 0 51 219
m 2 17 0 0 2 216
b 15 16 10 0 11 216
g 12 17 99 0 37 215
m 12 4 0 0 18 215
b 7 1 10 0 82 213
j 18 3 99 0 168 213
t 16 18 0 0 13 207
j 0 5 99 0 0 205
j 7 2 99 0 32 205
g 10 16 99 0 71 205
b 6 7 10 0 24 204
m 11 14 0 0 17 203
m 1 16 0 0 15 202
j 10 17 99 0 60 200
j 8 17 99 0 29 196
b 7 7 10 0 35 196
j 6 3 99 0 140 193
m 17 15 0 0 32 192
g 12 19 99 0 37 192
t 14 18 0 0 30 191
j 1 5 99 0 3 191
m 0 15 0 0 5 191
t 3 6 0 0 9 190
m 10 13 0 0 7 190
g 12 16 99 0 40 189
j 9 17 99 0 75 189
t 17 19 0 0 12 188
g 11 17 99 0 76 188
b 7 0 10 0 187 187
j 8 2 99 0 134 184
m 3 16 0 0 18 184
m 1 18 0 0 38 182
g 13 16 99 0 6 182
j 9 19 99 0 106 181
m 9 15 0 0 5 180
j 18 4 99 0 76 180
m 12 6 0 0 25 177
b 6 1 10 0 60 176
m 12 14 0 0 7 174
g 9 16 99 0 35 173
m 3 17 0 0 4 173
m 2 15 0 0 50 171
m 1 17 0 0 4 171
m 0 17 0 0 2 171
t 14 17 0 0 3 170
j 17 3 99 0 4 168
t 4 6 0 0 17 168
t 16 19 0 0 10 168
t 2 8 0 0 33 167
m 0 16 0 0 5 167
m 10 12 0 0 9 165
b 6 8 10 0 33 164
m 8 14 0 0 4 164
j 9 1 99 0 67 163
j 8 19 99 0 55 163
m 9 13 0 0 3 162
m 13 15 0 0 1 162
g 12 15 99 0 41 160
b 5 2 10 0 160 160
j 10 19 99 0 116 159
b 14 15 10 0 1 158
t 16 17 0 0 158 158
m 1 15 0 0 23 158
m 18 16 0 0 5 158
m 3 15 0 0 27 158
g 8 11 99 0 71 157
m 2 18 0 0 19 157
t 15 18 0 0 7 156
j 19 3 99 0 1 155
m 12 13 0 0 4 155
j 7 17 99 0 12 155
m 1 14 0 0 19 154
b 5 1 10 0 62 152
j 12 12 99 0 54 152
b 7 8 10 0 52 152
t 13 17 0 0 9 152
m 4 15 0 0 52 152
m 9 14 0 0 2 152
t 10 9 0 0 22 151
m 0 18 0 0 5 151
m 14 16 0 0 26 151
b 5 6 10 0 31 150
t 4 8 0 0 44 150
m 9 11 0 0 21 150
m 17 14 0 0 4 148
t 3 13 0 0 58 148
b 2 9 10 0 52 146
m 16 16 0 0 11 146
m 11 12 0 0 10 146
m 3 18 0 0 5 146
t 17 18 0 0 14 145
m 8 16 0 0 12 145
j 8 18 99 0 55 145
b 15 17 10 0 86 144
m 3 14 0 0 73 143
m 19 15 0 0 1 143
m 4 16 0 0 7 143
m 0 14 0 0 13 141
j 5 3 99 0 4 140
j 6 17 99 0 80 140
t 13 18 0 0 21 139
m 1 19 0 0 4 138
j 1 7 99 0 71 137
m 13 14 0 0 11 137
g 11 19 99 0 20 136
j 9 3 99 0 0 134
m 11 11 0 0 5 134
m 7 13 0 0 26 134
j 11 18 99 0 8 133
g 8 15 99 0 8 133
g 0 8 99 0 53 132
m 0 19 0 0 5 132
m 11 6 0 0 6 132
m 8 12 0 0 23 132
m 19 17 0 0 2 132
j 13 12 99 0 10 132
m 18 13 0 0 6 131
m 7 16 0 0 3 131
j 19 5 99 0 58 130
j 18 2 99 0 26 130
b 16 15 10 0 14 129
m 17 16 0 0 24 129
m 4 17 0 0 1 129
m 13 13 0 0 9 129
m 2 19 0 0 2 129
j 17 4 99 0 89 128
b 8 8 10 0 128 128
j 5 4 99 0 58 128
t 3 8 0 0 49 127
m 4 14 0 0 5 127
b 8 5 10 0 2 126
g 13 19 99 0 11 125
j 6 18 99 0 50 125
m 14 13 0 0 9 124
b 18 18 10 0 12 123
m 10 11 0 0 7 123
m 14 14 0 0 7 123
m 5 16 0 0 9 123
m 12 10 0 0 32 123
m 6 13 0 0 3 123
j 16 0 99 0 74 120
b 5 9 10 0 9 120
m 12 11 0 0 30 120
m 11 5 0 0 3 120
m 7 12 0 0 9 120
m 1 13 0 0 6 119
g 0 9 99 0 13 119
j 17 5 99 0 27 118
m 16 14 0 0 13 118
m 4 18 0 0 22 117
t 3 9 0 0 21 117
m 11 7 0 0 4 116
b 3 10 10 0 116 116
t 4 7 0 0 2 115
m 7 15 0 0 7 115
m 18 17 0 0 9 115
t 2 7 0 0 1 114
j 7 18 99 0 15 113
t 14 19 0 0 13 113
m 14 12 0 0 4 113
b 9 4 10 0 113 113
m 2 13 0 0 25 112
j 5 18 99 0 112 112
m 19 18 0 0 0 112
m 18 14 0 0 28 112
m 15 14 0 0 8 112
m 13 4 0 0 13 111
t 5 7 0 0 14 111
m 10 10 0 0 12 111
m 15 13 0 0 10 111
j 16 3 99 0 49 109
m 7 14 0 0 29 109
t 2 12 0 0 12 109
b 6 5 10 0 91 108
j 7 19 99 0 27 108
m 10 5 0 0 14 108
m 5 17 0 0 28 108
j 2 4 99 0 0 107
g 8 10 99 0 37 107
m 19 14 0 0 0 106
m 5 15 0 0 33 106
m 4 13 0 0 9 106
j 17 0 99 0 18 106
m 19 16 0 0 18 105
m 6 14 0 0 1 105
g 0 10 99 0 61 105
m 5 19 0 0 0 105
m 12 5 0 0 10 104
t 4 5 0 0 0 104
m 17 13 0 0 0 104
g 2 10 99 0 45 103
m 9 10 0 0 12 103
m 16 13 0 0 9 103
m 4 19 0 0 3 103
m 6 15 0 0 13 103
j 18 5 99 0 16 102
m 11 10 0 0 13 102
m 13 10 0 0 0 102
t 4 9 0 0 16 102
t 5 8 0 0 11 102
t 2 5 0 0 13 101
m 7 11 0 0 6 101
j 6 2 99 0 11 100
m 0 13 0 0 22 100
m 15 12 0 0 16 100
m 10 4 0 0 3 100
m 10 7 0 0 20 100
m 16 12 0 0 17 99
j 1 6 99 0 63 97
m 14 11 0 0 16 97
m 18 19 0 0 0 97
m 13 5 0 0 26 97
m 19 13 0 0 4 96
m 11 9 0 0 16 96
m 3 12 0 0 36 95
m 6 16 0 0 14 94
t 2 6 0 0 17 94
b 7 5 10 0 77 93
t 9 9 0 0 36 93
b 5 5 10 0 73 93
m 6 12 0 0 11 93
g 0 7 99 0 48 93
t 1 12 0 0 33 92
j 17 1 99 0 55 91
b 6 4 10 0 91 91
b 1 11 10 0 36 90
g 7 10 99 0 17 90
m 5 13 0 0 14 90
m 5 14 0 0 8 90
m 6 19 0 0 8 90
j 16 2 99 0 89 89
j 1 8 99 0 66 89
j 16 4 99 0 21 89
g 0 11 99 0 6 89
m 11 3 0 0 8 89
m 12 9 0 0 58 88
m 10 6 0 0 1 87
m 6 11 0 0 9 87
m 13 11 0 0 4 87
m 11 4 0 0 0 86
m 14 5 0 0 11 86
m 9 5 0 0 34 86
m 13 6 0 0 7 86
t 6 9 0 0 5 86
m 6 10 0 0 13 86
t 3 5 0 0 22 85
m 19 19 0 0 1 85
j 18 1 99 0 3 85
j 19 6 99 0 6 84
m 4 11 0 0 4 84
m 10 8 0 0 18 83
b 8 0 10 0 65 82
m 0 12 0 0 27 82
m 14 6 0 0 26 82
m 19 12 0 0 27 82
m 18 12 0 0 9 80
t 1 4 0 0 42 80
t 4 12 0 0 7 79
g 7 9 99 0 46 79
b 8 6 10 0 14 78
m 17 12 0 0 42 78
b 5 0 10 0 2 77
j 7 3 99 0 77 77
b 8 4 10 0 77 77
m 14 10 0 0 10 76
j 15 2 99 0 75 75
m 16 11 0 0 30 75
m 12 3 0 0 14 75
m 11 8 0 0 20 75
m 5 12 0 0 5 75
m 13 7 0 0 33 74
m 12 7 0 0 10 74
j 15 0 99 0 18 74
m 8 9 0 0 12 74
m 10 3 0 0 11 74
b 4 4 10 0 73 73
t 3 4 0 0 13 73
m 3 11 0 0 3 73
t 9 8 0 0 45 72
m 15 11 0 0 4 72
m 14 7 0 0 18 72
m 9 7 0 0 12 72
m 12 8 0 0 12 71
m 17 11 0 0 71 71
j 18 7 99 0 10 71
m 5 11 0 0 11 70
t 2 3 0 0 18 69
j 17 2 99 0 67 67
j 10 1 99 0 67 67
m 15 7 0 0 16 67
b 8 7 10 0 17 67
m 13 3 0 0 18 66
t 4 10 0 0 17 65
m 9 6 0 0 3 65
b 9 0 10 0 1 65
m 5 10 0 0 34 64
m 13 2 0 0 6 64
m 13 9 0 0 5 63
b 4 1 10 0 62 62
m 14 4 0 0 3 62
b 2 11 10 0 6 62
m 18 11 0 0 1 62
m 11 2 0 0 13 60
m 13 8 0 0 7 60
j 8 3 99 0 58 58
j 18 6 99 0 10 58
j 4 3 99 0 18 58
t 3 3 0 0 3 57
m 16 10 0 0 4 57
j 16 6 99 0 15 55
j 18 0 99 0 55 55
m 15 5 0 0 5 55
m 14 8 0 0 43 54
m 9 2 0 0 22 54
m 14 1 0 0 28 53
m 14 9 0 0 10 52
m 12 2 0 0 15 52
m 15 4 0 0 11 50
m 15 10 0 0 8 50
m 15 8 0 0 1 50
j 15 3 99 0 23 49
m 10 2 0 0 6 49
m 19 10 0 0 27 49
m 19 11 0 0 2 48
m 14 3 0 0 0 46
b 10 0 10 0 20 46
m 15 9 0 0 9 45
m 15 6 0 0 30 45
m 16 5 0 0 32 44
j 0 4 99 0 29 43
t 0 3 0 0 1 42
t 1 3 0 0 21 42
j 17 6 99 0 41 41
j 19 2 99 0 12 39
m 18 10 0 0 2 38
m 16 9 0 0 13 38
j 4 2 99 0 20 35
m 16 7 0 0 15 34
m 16 8 0 0 11 34
m 12 1 0 0 33 33
j 15 1 99 0 32 32
m 17 10 0 0 8 30
m 13 1 0 0 13 30
j 3 2 99 0 30 30
m 14 0 0 0 13 28
m 18 9 0 0 1 27
j 19 1 99 0 15 26
m 17 9 0 0 15 26
m 11 1 0 0 11 24
m 14 2 0 0 24 24
m 17 7 0 0 8 22
t 1 2 0 0 8 21
b 11 0 10 0 20 20
j 3 1 99 0 20 20
t 2 2 0 0 18 18
m 17 8 0 0 15 15
j 19 0 99 0 15 15
m 18 8 0 0 15 15
m 13 0 0 0 13 13
m 12 0 0 0 11 11
j 19 8 99 0 10 10
j 19 7 99 0 10 10
t 2 1 0 0 8 8
b 7 4 10 0 2 2
b 4 0 10 0 2 2
m 19 9 0 0 2 2
t 0 2 0 0 1 1
